
============================================================
FEATURE: Diabetes_binary
============================================================
Diabetes_binary
0.0    218334
1.0     35346


============================================================
FEATURE: HighBP
============================================================
HighBP
0.0    144851
1.0    108829


============================================================
FEATURE: HighChol
============================================================
HighChol
0.0    146089
1.0    107591


============================================================
FEATURE: CholCheck
============================================================
CholCheck
0.0      9470
1.0    244210


============================================================
FEATURE: BMI
============================================================
BMI
12.0        6
13.0       21
14.0       41
15.0      132
16.0      348
17.0      776
18.0     1803
19.0     3968
20.0     6327
21.0     9855
22.0    13643
23.0    15610
24.0    19550
25.0    17146
26.0    20562
27.0    24606
28.0    16545
29.0    14890
30.0    14573
31.0    12275
32.0    10474
33.0     8948
34.0     7181
35.0     5575
36.0     4633
37.0     4147
38.0     3397
39.0     2911
40.0     2258
41.0     1659
42.0     1639
43.0     1500
44.0     1043
45.0      819
46.0      750
47.0      622
48.0      484
49.0      416
50.0      372
51.0      253
52.0      215
53.0      237
54.0      113
55.0      169
56.0      109
57.0       86
58.0       71
59.0       54
60.0       63
61.0       35
62.0       43
63.0       34
64.0       24
65.0       19
66.0       13
67.0       15
68.0       14
69.0        9
70.0       15
71.0       49
72.0       14
73.0       47
74.0       16
75.0       52
76.0        3
77.0       55
78.0        1
79.0       66
80.0        2
81.0       49
82.0       37
83.0        2
84.0       44
85.0        1
86.0        1
87.0       61
88.0        2
89.0       28
90.0        1
91.0        1
92.0       32
95.0       12
96.0        1
98.0        7


============================================================
FEATURE: Smoker
============================================================
Smoker
0.0    141257
1.0    112423


============================================================
FEATURE: Stroke
============================================================
Stroke
0.0    243388
1.0     10292


============================================================
FEATURE: HeartDiseaseorAttack
============================================================
HeartDiseaseorAttack
0.0    229787
1.0     23893


============================================================
FEATURE: PhysActivity
============================================================
PhysActivity
0.0     61760
1.0    191920


============================================================
FEATURE: Fruits
============================================================
Fruits
0.0     92782
1.0    160898


============================================================
FEATURE: Veggies
============================================================
Veggies
0.0     47839
1.0    205841


============================================================
FEATURE: HvyAlcoholConsump
============================================================
HvyAlcoholConsump
0.0    239424
1.0     14256


============================================================
FEATURE: AnyHealthcare
============================================================
AnyHealthcare
0.0     12417
1.0    241263


============================================================
FEATURE: NoDocbcCost
============================================================
NoDocbcCost
0.0    232326
1.0     21354


============================================================
FEATURE: GenHlth
============================================================
GenHlth
1.0    45299
2.0    89084
3.0    75646
4.0    31570
5.0    12081


============================================================
FEATURE: MentHlth
============================================================
MentHlth
0.0     175680
1.0       8538
2.0      13054
3.0       7381
4.0       3789
5.0       9030
6.0        988
7.0       3100
8.0        639
9.0         91
10.0      6373
11.0        41
12.0       398
13.0        41
14.0      1167
15.0      5505
16.0        88
17.0        54
18.0        97
19.0        16
20.0      3364
21.0       227
22.0        63
23.0        38
24.0        33
25.0      1188
26.0        45
27.0        79
28.0       327
29.0       158
30.0     12088


============================================================
FEATURE: PhysHlth
============================================================
PhysHlth
0.0     160052
1.0      11388
2.0      14764
3.0       8495
4.0       4542
5.0       7622
6.0       1330
7.0       4538
8.0        809
9.0        179
10.0      5595
11.0        60
12.0       578
13.0        68
14.0      2587
15.0      4916
16.0       112
17.0        96
18.0       152
19.0        22
20.0      3273
21.0       663
22.0        70
23.0        56
24.0        72
25.0      1336
26.0        69
27.0        99
28.0       522
29.0       215
30.0     19400


============================================================
FEATURE: DiffWalk
============================================================
DiffWalk
0.0    211005
1.0     42675


============================================================
FEATURE: Sex
============================================================
Sex
0.0    141974
1.0    111706


============================================================
FEATURE: Age
============================================================
Age
1.0      5700
2.0      7598
3.0     11123
4.0     13823
5.0     16157
6.0     19819
7.0     26314
8.0     30832
9.0     33244
10.0    32194
11.0    23533
12.0    15980
13.0    17363


============================================================
FEATURE: Education
============================================================
Education
1.0       174
2.0      4043
3.0      9478
4.0     62750
5.0     69910
6.0    107325


============================================================
FEATURE: Income
============================================================
Income
1.0     9811
2.0    11783
3.0    15994
4.0    20135
5.0    25883
6.0    36470
7.0    43219
8.0    90385

